	task1	task2	task3	task4	task5
core1	886	749	849	909	352	
core2	959	849	788	1053	324	
core3	942	867	930	1064	365	
core4	820	817	816	929	336	
core5	803	786	929	958	329	

	task1	task2	task3	task4	task5
core1	814	810	917	994	357	
core2	891	806	898	1060	390	
core3	826	813	844	1007	773	
core4	890	869	787	949	387	
core5	868	754	818	1061	327	

	task1	task2	task3	task4	task5
core1	870	795	925	1023	324	
core2	911	811	863	928	379	
core3	815	847	939	939	394	
core4	937	765	906	908	351	
core5	862	737	877	979	326	

	task1	task2	task3	task4	task5
core1	942	3113	945	1021	386	
core2	954	754	897	1045	327	
core3	917	860	837	901	380	
core4	866	876	897	922	357	
core5	2245	811	783	1043	395	

	task1	task2	task3	task4	task5
core1	796	769	3530	942	348	
core2	836	740	783	893	375	
core3	907	845	886	1051	369	
core4	880	744	905	976	388	
core5	808	764	781	2015	329	

	task1	task2	task3	task4	task5
core1	809	807	922	1006	380	
core2	804	878	938	1066	372	
core3	819	764	945	948	382	
core4	914	787	804	981	376	
core5	844	859	2359	1035	1131	

	task1	task2	task3	task4	task5
core1	845	734	803	919	379	
core2	872	851	933	891	356	
core3	913	877	795	1025	350	
core4	872	860	815	962	349	
core5	918	879	800	996	393	

	task1	task2	task3	task4	task5
core1	838	809	914	983	382	
core2	822	856	903	1067	332	
core3	2862	761	839	1024	373	
core4	913	785	782	926	376	
core5	798	832	824	1068	380	

	task1	task2	task3	task4	task5
core1	926	799	911	945	367	
core2	846	802	931	1009	344	
core3	907	871	857	923	336	
core4	924	1715	849	972	346	
core5	847	829	862	1033	385	

	task1	task2	task3	task4	task5
core1	922	802	856	1016	375	
core2	877	790	908	1063	368	
core3	854	775	815	970	358	
core4	827	864	895	1057	391	
core5	815	737	926	926	385	
