	task1	task2	task3	task4	task5	task6	task7	task8	task9	task10	task11	task12	task13	task14	task15	
core1	1	749	849	909	363	987	765	345	567	987	987	567	465	809	876
core2	959	849	788	1053	324	567	34	675	786	978	789	567	546	786	908
core3	942	867	930	1064	365	567	897	908	786	564	890	198	908	890	678
core4	239	239	328	484	346	567	678	897	908	789	890	908	897	567	453
core5	123	233	233	231	342	354	456	675	789	786	908	897	678	675	546

	task1	task2	task3	task4	task5	task6	task7	task8	task9	task10	task11	task12	task13	task14	task15	
core1	1	749	436	909	352	987	765	345	567	987	978	567	564	5443	768
core2	959	849	788	1053	324	567	34	675	786	978	908	897	678	675	546
core3	942	867	930	1064	365	567	897	908	786	564	908	897	678	675	546
core4	239	456	328	484	432	567	678	897	546	789	908	897	678	675	546
core5	123	223	233	231	342	354	456	675	789	786	908	897	678	675	546

	task1	task2	task3	task4	task5	task6	task7	task8	task9	task10	task11	task12	task13	task14	task15	
core1	1	749	849	909	352	987	765	345	567	987	354	456	1	789	786
core2	959	849	788	1053	324	567	34	675	786	978	354	456	1	789	786
core3	432	867	930	11	546	567	897	564	786	564	354	456	1	789	786
core4	239	239	328	484	432	567	678	897	908	789	354	456	1	789	786
core5	123	23	233	231	342	354	456	675	789	786	354	456	1	789	786

	task1	task2	task3	task4	task5	task6	task7	task8	task9	task10	task11	task12	task13	task14	task15	
core1	1	749	849	909	352	987	765	345	567	9237	354	456	1	789	786
core2	959	849	788	1053	324	567	34	675	786	928	354	456	1	789	786
core3	942	82	930	102	2135	567	897	908	786	564	354	456	1	789	786
core4	239	229	328	484	432	567	678	897	908	789	354	456	1	789	786
core5	123	63	233	231	342	354	456	675	789	786	354	456	1	789	786

	task1	task2	task3	task4	task5	task6	task7	task8	task9	task10	task11	task12	task13	task14	task15	
core1	1	749	849	909	352	987	765	345	2367	987	354	456	1	789	786
core2	92	849	728	15	324	567	34	675	786	978	354	456	1	789	786
core3	942	867	230	101	365	567	897	908	786	564	354	456	1	789	786
core4	239	239	328	42	432	567	678	27	9328	789	354	456	1	789	786
core5	123	26	233	231	342	354	456	675	789	786	354	456	1	789	786

	task1	task2	task3	task4	task5	task6	task7	task8	task9	task10	task11	task12	task13	task14	task15	
core1	1	749	849	99	352	987	765	345	567	987	354	456	1	789	786
core2	959	849	788	106	324	567	34	675	786	978	354	456	1	789	786
core3	942	867	930	34	365	6	897	948	786	564	354	456	1	789	786
core4	239	239	328	484	432	567	678	47	908	73	354	456	1	789	786
core5	123	232	233	231	342	354	456	1	789	786	354	456	1	789	786

	task1	task2	task3	task4	task5	task6	task7	task8	task9	task10	task11	task12	task13	task14	task15	
core1	1	749	849	909	352	987	765	345	567	987	908	897	678	675	546
core2	959	849	788	106	324	567	34	675	786	978	908	897	678	675	546
core3	942	867	930	15	365	1237	897	908	786	514	908	897	678	675	546
core4	239	229	328	484	432	567	678	897	348	739	908	897	678	675	546
core5	123	233	233	231	342	354	456	675	789	786	908	897	678	675	546

	task1	task2	task3	task4	task5	task6	task7	task8	task9	task10	task11	task12	task13	task14	task15	
core1	1	749	849	309	352	987	765	345	567	987	749	849	909	352	987
core2	959	849	788	123	324	567	34	675	786	978	567	34	675	786	978
core3	942	867	930	124	365	567	897	908	786	564	749	849	909	352	987
core4	29	239	328	484	432	567	678	897	908	289	567	34	675	786	978
core5	123	2323	233	231	342	354	456	675	789	786	749	849	909	352	987

	task1	task2	task3	task4	task5	task6	task7	task8	task9	task10	task11	task12	task13	task14	task15	
core1	1	749	849	909	352	987	765	345	567	987	567	34	675	786	978
core2	959	849	728	16	324	567	34	675	786	928	567	34	675	786	978
core3	942	867	930	164	365	567	897	908	786	564	749	849	909	352	987
core4	239	239	328	484	432	53	678	837	908	789	749	849	909	352	987
core5	123	1	233	231	322	354	456	675	789	786	567	34	675	786	978

	task1	task2	task3	task4	task5	task6	task7	task8	task9	task10	task11	task12	task13	task14	task15	
core1	1	749	849	909	363	987	765	345	567	987	567	34	675	786	978
core2	959	849	788	1053	324	567	34	675	786	978	567	34	675	786	978
core3	942	867	930	1064	365	567	897	908	786	564	749	849	909	352	987
core4	239	239	328	484	346	567	678	897	908	789	749	849	909	352	987
core5	123	233	233	231	342	354	456	675	789	786	567	34	675	786	978

	task1	task2	task3	task4	task5	task6	task7	task8	task9	task10	task11	task12	task13	task14	task15	
core1	1	749	436	909	352	987	765	345	567	987	567	34	675	786	978
core2	959	849	788	1053	324	567	34	675	786	978	567	34	675	786	978
core3	942	867	930	1064	365	567	897	908	786	564	749	849	909	352	987
core4	239	456	328	484	432	567	678	897	546	789	749	849	909	352	987
core5	123	223	233	231	342	354	456	675	789	786	567	34	675	786	978

	task1	task2	task3	task4	task5	task6	task7	task8	task9	task10	task11	task12	task13	task14	task15	
core1	1	749	849	909	352	987	765	345	567	987	567	34	675	786	978
core2	959	849	788	1053	324	567	34	675	786	978	749	849	909	352	987
core3	432	867	930	11	546	567	897	564	786	564	749	849	909	352	987
core4	239	239	328	484	432	567	678	897	908	789	567	34	675	786	978
core5	123	23	233	231	342	354	456	675	789	786	749	849	909	352	987

	task1	task2	task3	task4	task5	task6	task7	task8	task9	task10	task11	task12	task13	task14	task15	
core1	1	749	849	909	352	987	765	345	567	9237	567	34	675	786	978
core2	959	849	788	1053	324	567	34	675	786	928	749	849	909	352	987
core3	942	82	930	102	2135	567	897	908	786	564	749	849	909	352	987
core4	239	229	328	484	432	567	678	897	908	789	567	34	675	786	978
core5	123	63	233	231	342	354	456	675	789	786	567	34	675	786	978

	task1	task2	task3	task4	task5	task6	task7	task8	task9	task10	task11	task12	task13	task14	task15	
core1	1	749	849	909	352	987	765	345	2367	987	749	849	909	352	987
core2	92	849	728	15	324	567	34	675	786	978	749	849	909	352	987
core3	942	867	230	101	365	567	897	908	786	564	749	849	909	352	987
core4	239	239	328	42	432	567	678	27	9328	789	230	101	365	567	897
core5	123	26	233	231	342	354	456	675	789	786	749	849	909	352	987

	task1	task2	task3	task4	task5	task6	task7	task8	task9	task10	task11	task12	task13	task14	task15	
core1	1	749	849	99	352	987	765	345	567	987	230	101	365	567	897
core2	959	849	788	106	324	567	34	675	786	978	749	849	909	352	987
core3	942	867	930	34	365	6	897	948	786	564	230	101	365	567	897
core4	239	239	328	484	432	567	678	47	908	73	749	849	909	352	987
core5	123	232	233	231	342	354	456	1	789	786	230	101	365	567	897

	task1	task2	task3	task4	task5	task6	task7	task8	task9	task10	task11	task12	task13	task14	task15	
core1	1	749	849	909	352	987	765	345	567	987	749	849	909	352	987
core2	959	849	788	106	324	567	34	675	786	978	230	101	365	567	897
core3	942	867	930	15	365	1237	897	908	786	514	749	849	909	352	987
core4	239	229	328	484	432	567	678	897	348	739	230	101	365	567	897
core5	123	233	233	231	342	354	456	675	789	786	749	849	909	352	987

	task1	task2	task3	task4	task5	task6	task7	task8	task9	task10	task11	task12	task13	task14	task15	
core1	1	749	849	309	352	987	765	345	567	987	230	101	365	567	897
core2	959	849	788	123	324	567	34	675	786	978	749	849	909	352	987
core3	942	867	930	124	365	567	897	908	786	564	230	101	365	567	897
core4	29	239	328	484	432	567	678	897	908	289	749	849	909	352	987
core5	123	2323	233	231	342	354	456	675	789	786	230	101	365	567	897

	task1	task2	task3	task4	task5	task6	task7	task8	task9	task10	task11	task12	task13	task14	task15	
core1	1	749	849	909	352	987	765	345	567	987	230	101	365	567	897
core2	959	849	728	16	324	567	34	675	786	928	867	930	34	365	6
core3	942	867	930	164	365	567	897	908	786	564	230	101	365	567	897
core4	239	239	328	484	432	53	678	837	908	789	867	930	34	365	6
core5	123	1	233	231	322	354	456	675	789	786	230	101	365	567	897

	task1	task2	task3	task4	task5	task6	task7	task8	task9	task10	task11	task12	task13	task14	task15	
core1	1	749	849	909	363	987	765	345	567	987	867	930	34	365	6
core2	959	849	788	1053	324	567	34	675	786	978	230	101	365	567	897
core3	942	867	930	1064	365	567	897	908	786	564	867	930	34	365	6
core4	239	239	328	484	346	567	678	897	908	789	230	101	365	567	897
core5	123	233	233	231	342	354	456	675	789	786	230	101	365	567	897

	task1	task2	task3	task4	task5	task6	task7	task8	task9	task10	task11	task12	task13	task14	task15	
core1	1	749	436	909	352	987	765	345	567	987	867	930	34	365	6
core2	959	849	788	1053	324	567	34	675	786	978	749	849	909	352	987
core3	942	867	930	1064	365	567	897	908	786	564	749	849	909	352	987
core4	239	456	328	484	432	567	678	897	546	789	867	930	34	365	6
core5	123	223	233	231	342	354	456	675	789	786	749	849	909	352	987

	task1	task2	task3	task4	task5	task6	task7	task8	task9	task10	task11	task12	task13	task14	task15	
core1	1	749	849	909	352	987	765	345	567	987	867	930	34	365	6
core2	959	849	788	1053	324	567	34	675	786	978	749	849	909	352	987
core3	432	867	930	11	546	567	897	564	786	564	867	930	34	365	6
core4	239	239	328	484	432	567	678	897	908	789	749	849	909	352	987
core5	123	23	233	231	342	354	456	675	789	786	867	930	34	365	6

	task1	task2	task3	task4	task5	task6	task7	task8	task9	task10	task11	task12	task13	task14	task15	
core1	1	749	849	909	352	987	765	345	567	9237	867	930	34	365	6
core2	959	849	788	1053	324	567	34	675	786	928	749	849	909	352	987
core3	942	82	930	102	2135	567	897	908	786	564	867	930	34	365	6
core4	239	229	328	484	432	567	678	897	908	789	867	930	34	365	6
core5	123	63	233	231	342	354	456	675	789	786	749	849	909	352	987

	task1	task2	task3	task4	task5	task6	task7	task8	task9	task10	task11	task12	task13	task14	task15	
core1	1	749	849	909	352	987	765	345	2367	987	749	849	909	352	987
core2	92	849	728	15	324	567	34	675	786	978	867	930	34	365	6
core3	942	867	230	101	365	567	897	908	786	564	749	849	909	352	987
core4	239	239	328	42	432	567	678	27	9328	789	867	930	34	365	6
core5	123	26	233	231	342	354	456	675	789	786	749	849	909	352	987

	task1	task2	task3	task4	task5	task6	task7	task8	task9	task10	task11	task12	task13	task14	task15	
core1	1	749	849	99	352	987	765	345	567	987	867	930	34	365	6
core2	959	849	788	106	324	567	34	675	786	978	867	930	34	365	6
core3	942	867	930	34	365	6	897	948	786	564	867	930	34	365	6
core4	239	239	328	484	432	567	678	47	908	73	867	930	34	365	6
core5	123	232	233	231	342	354	456	1	789	786	867	930	34	365	6

	task1	task2	task3	task4	task5	task6	task7	task8	task9	task10	task11	task12	task13	task14	task15	
core1	1	749	849	909	352	987	765	345	567	987	867	930	34	365	6
core2	959	849	788	106	324	567	34	675	786	978	867	930	34	365	6
core3	942	867	930	15	365	1237	897	908	786	514	867	930	34	365	6
core4	239	229	328	484	432	567	678	897	348	739	867	930	34	365	6
core5	123	233	233	231	342	354	456	675	789	786	867	930	34	365	6

	task1	task2	task3	task4	task5	task6	task7	task8	task9	task10	task11	task12	task13	task14	task15	
core1	1	749	849	309	352	987	765	345	567	987	987	765	345	567	987
core2	959	849	788	123	324	567	34	675	786	978	987	765	345	567	987
core3	942	867	930	124	365	567	897	908	786	564	987	765	345	567	987
core4	29	239	328	484	432	567	678	897	908	289	987	765	345	567	987
core5	123	2323	233	231	342	354	456	675	789	786	987	765	345	567	987

	task1	task2	task3	task4	task5	task6	task7	task8	task9	task10	task11	task12	task13	task14	task15	
core1	1	749	849	909	352	987	765	345	567	987	987	765	345	567	987
core2	959	849	728	16	324	567	34	675	786	928	987	765	345	567	987
core3	942	867	930	164	365	567	897	908	786	564	987	765	345	567	987
core4	239	239	328	484	432	53	678	837	908	789	987	765	345	567	987
core5	123	1	233	231	322	354	456	675	789	786	987	765	345	567	987

	task1	task2	task3	task4	task5	task6	task7	task8	task9	task10	task11	task12	task13	task14	task15	
core1	1	749	849	909	363	987	765	345	567	987	987	765	345	567	987
core2	959	849	788	1053	324	567	34	675	786	978	987	765	345	567	987
core3	942	867	930	1064	365	567	897	908	786	564	987	765	345	567	987
core4	239	239	328	484	346	567	678	897	908	789	987	765	345	567	987
core5	123	233	233	231	342	354	456	675	789	786	987	765	345	567	987

	task1	task2	task3	task4	task5	task6	task7	task8	task9	task10	task11	task12	task13	task14	task15	
core1	1	749	436	909	352	987	765	345	567	987	987	765	345	567	987
core2	959	849	788	1053	324	567	34	675	786	978	987	765	345	567	987
core3	942	867	930	1064	365	567	897	908	786	564	987	765	345	567	987
core4	239	456	328	484	432	567	678	897	546	789	987	765	345	567	987
core5	123	223	233	231	342	354	456	675	789	786	987	765	345	567	987

	task1	task2	task3	task4	task5	task6	task7	task8	task9	task10	task11	task12	task13	task14	task15	
core1	1	749	849	909	352	987	765	345	567	987	567	34	675	786	978
core2	959	849	788	1053	324	567	34	675	786	978	567	34	675	786	978
core3	432	867	930	11	546	567	897	564	786	564	567	34	675	786	978
core4	239	239	328	484	432	567	678	897	908	789	567	34	675	786	978
core5	123	23	233	231	342	354	456	675	789	786	567	34	675	786	978

	task1	task2	task3	task4	task5	task6	task7	task8	task9	task10	task11	task12	task13	task14	task15	
core1	1	749	849	909	352	987	765	345	567	9237	567	34	675	786	978
core2	959	849	788	1053	324	567	34	675	786	928	749	849	909	352	987
core3	942	82	930	102	2135	567	897	908	786	564	749	849	909	352	987
core4	239	229	328	484	432	567	678	897	908	789	567	34	675	786	978
core5	123	63	233	231	342	354	456	675	789	786	749	849	909	352	987

	task1	task2	task3	task4	task5	task6	task7	task8	task9	task10	task11	task12	task13	task14	task15	
core1	1	749	849	909	352	987	765	345	2367	987	567	34	675	786	978
core2	92	849	728	15	324	567	34	675	786	978	749	849	909	352	987
core3	942	867	230	101	365	567	897	908	786	564	567	34	675	786	978
core4	239	239	328	42	432	567	678	27	9328	789	567	34	675	786	978
core5	123	26	233	231	342	354	456	675	789	786	567	34	675	786	978

	task1	task2	task3	task4	task5	task6	task7	task8	task9	task10	task11	task12	task13	task14	task15	
core1	1	749	849	99	352	987	765	345	567	987	749	849	909	352	987
core2	959	849	788	106	324	567	34	675	786	978	749	849	909	352	987
core3	942	867	930	34	365	6	897	948	786	564	567	34	675	786	978
core4	239	239	328	484	432	567	678	47	908	73	749	849	909	352	987
core5	123	232	233	231	342	354	456	1	789	786	567	34	675	786	978

	task1	task2	task3	task4	task5	task6	task7	task8	task9	task10	task11	task12	task13	task14	task15	
core1	1	749	849	909	352	987	765	345	567	987	567	34	675	786	978
core2	959	849	788	106	324	567	34	675	786	978	567	34	675	786	978
core3	942	867	930	15	365	1237	897	908	786	514	567	34	675	786	978
core4	239	229	328	484	432	567	678	897	348	739	567	34	675	786	978
core5	123	233	233	231	342	354	456	675	789	786	567	34	675	786	978

	task1	task2	task3	task4	task5	task6	task7	task8	task9	task10	task11	task12	task13	task14	task15	
core1	1	749	849	309	352	987	765	345	567	987	567	34	675	786	978
core2	959	849	788	123	324	567	34	675	786	978	567	34	675	786	978
core3	942	867	930	124	365	567	897	908	786	564	567	34	675	786	978
core4	29	239	328	484	432	567	678	897	908	289	567	34	675	786	978
core5	123	2323	233	231	342	354	456	675	789	786	567	34	675	786	978

	task1	task2	task3	task4	task5	task6	task7	task8	task9	task10	task11	task12	task13	task14	task15	
core1	1	749	849	909	352	987	765	345	567	987	749	849	909	352	987
core2	959	849	728	16	324	567	34	675	786	928	567	34	675	786	978
core3	942	867	930	164	365	567	897	908	786	564	749	849	909	352	987
core4	239	239	328	484	432	53	678	837	908	789	567	34	675	786	978
core5	123	1	233	231	322	354	456	675	789	786	749	849	909	352	987

	task1	task2	task3	task4	task5	task6	task7	task8	task9	task10	task11	task12	task13	task14	task15	
core1	1	749	849	909	363	987	765	345	567	987	567	34	675	786	978
core2	959	849	788	1053	324	567	34	675	786	978	567	34	675	786	978
core3	942	867	930	1064	365	567	897	908	786	564	567	34	675	786	978
core4	239	239	328	484	346	567	678	897	908	789	567	34	675	786	978
core5	123	233	233	231	342	354	456	675	789	786	567	34	675	786	978

	task1	task2	task3	task4	task5	task6	task7	task8	task9	task10	task11	task12	task13	task14	task15	
core1	1	749	436	909	352	987	765	345	567	987	567	34	675	786	978
core2	959	849	788	1053	324	567	34	675	786	978	567	34	675	786	978
core3	942	867	930	1064	365	567	897	908	786	564	567	34	675	786	978
core4	239	456	328	484	432	567	678	897	546	789	567	34	675	786	978
core5	123	223	233	231	342	354	456	675	789	786	567	34	675	786	978

	task1	task2	task3	task4	task5	task6	task7	task8	task9	task10	task11	task12	task13	task14	task15	
core1	1	749	849	909	352	987	765	345	567	987	567	34	675	786	978
core2	959	849	788	1053	324	567	34	675	786	978	567	34	675	786	978
core3	432	867	930	11	546	567	897	564	786	564	567	34	675	786	978
core4	239	239	328	484	432	567	678	897	908	789	567	34	675	786	978
core5	123	23	233	231	342	354	456	675	789	786	567	34	675	786	978

	task1	task2	task3	task4	task5	task6	task7	task8	task9	task10	task11	task12	task13	task14	task15	
core1	1	749	849	909	352	987	765	345	567	9237	567	34	675	786	978
core2	959	849	788	1053	324	567	34	675	786	928	749	849	909	352	987
core3	942	82	930	102	2135	567	897	908	786	564	749	849	909	352	987
core4	239	229	328	484	432	567	678	897	908	789	749	849	909	352	987
core5	123	63	233	231	342	354	456	675	789	786	749	849	909	352	987

	task1	task2	task3	task4	task5	task6	task7	task8	task9	task10	task11	task12	task13	task14	task15	
core1	1	749	849	909	352	987	765	345	2367	987	567	34	675	786	978
core2	92	849	728	15	324	567	34	675	786	978	567	34	675	786	978
core3	942	867	230	101	365	567	897	908	786	564	567	34	675	786	978
core4	239	239	328	42	432	567	678	27	9328	789	567	34	675	786	978
core5	123	26	233	231	342	354	456	675	789	786	567	34	675	786	978

	task1	task2	task3	task4	task5	task6	task7	task8	task9	task10	task11	task12	task13	task14	task15	
core1	1	749	849	99	352	987	765	345	567	987	567	34	675	786	978
core2	959	849	788	106	324	567	34	675	786	978	567	34	675	786	978
core3	942	867	930	34	365	6	897	948	786	564	567	34	675	786	978
core4	239	239	328	484	432	567	678	47	908	73	567	34	675	786	978
core5	123	232	233	231	342	354	456	1	789	786	567	34	675	786	978

	task1	task2	task3	task4	task5	task6	task7	task8	task9	task10	task11	task12	task13	task14	task15	
core1	1	749	849	909	352	987	765	345	567	987	567	34	675	786	978
core2	959	849	788	106	324	567	34	675	786	978	567	34	675	786	978
core3	942	867	930	15	365	1237	897	908	786	514	567	34	675	786	978
core4	239	229	328	484	432	567	678	897	348	739	567	34	675	786	978
core5	123	233	233	231	342	354	456	675	789	786	567	34	675	786	978

	task1	task2	task3	task4	task5	task6	task7	task8	task9	task10	task11	task12	task13	task14	task15	
core1	1	749	849	309	352	987	765	345	567	987	567	34	675	786	978
core2	959	849	788	123	324	567	34	675	786	978	567	34	675	786	978
core3	942	867	930	124	365	567	897	908	786	564	567	34	675	786	978
core4	29	239	328	484	432	567	678	897	908	289	567	34	675	786	978
core5	123	2323	233	231	342	354	456	675	789	786	567	34	675	786	978

	task1	task2	task3	task4	task5	task6	task7	task8	task9	task10	task11	task12	task13	task14	task15	
core1	1	749	849	909	352	987	765	345	567	987	567	34	675	786	978
core2	959	849	728	16	324	567	34	675	786	928	567	34	675	786	978
core3	942	867	930	164	365	567	897	908	786	564	567	34	675	786	978
core4	239	239	328	484	432	53	678	837	908	789	567	34	675	786	978
core5	123	1	233	231	322	354	456	675	789	786	567	34	675	786	978

	task1	task2	task3	task4	task5	task6	task7	task8	task9	task10	task11	task12	task13	task14	task15	
core1	1	749	849	909	363	987	765	345	567	987	567	34	675	786	978
core2	959	849	788	1053	324	567	34	675	786	978	567	34	675	786	978
core3	942	867	930	1064	365	567	897	908	786	564	567	34	675	786	978
core4	239	239	328	484	346	567	678	897	908	789	567	34	675	786	978
core5	123	233	233	231	342	354	456	675	789	786	567	34	675	786	978

	task1	task2	task3	task4	task5	task6	task7	task8	task9	task10	task11	task12	task13	task14	task15	
core1	1	749	436	909	352	987	765	345	567	987	567	34	675	786	978
core2	959	849	788	1053	324	567	34	675	786	978	749	849	909	352	987
core3	942	867	930	1064	365	567	897	908	786	564	749	849	909	352	987
core4	239	456	328	484	432	567	678	897	546	789	749	849	909	352	987
core5	123	223	233	231	342	354	456	675	789	786	567	34	675	786	978

	task1	task2	task3	task4	task5	task6	task7	task8	task9	task10	task11	task12	task13	task14	task15	
core1	1	749	849	909	352	987	765	345	567	987	567	34	675	786	978
core2	959	849	788	1053	324	567	34	675	786	978	959	849	788	106	324
core3	432	867	930	11	546	567	897	564	786	564	567	34	675	786	978
core4	239	239	328	484	432	567	678	897	908	789	567	34	675	786	978
core5	123	23	233	231	342	354	456	675	789	786	567	34	675	786	978

	task1	task2	task3	task4	task5	task6	task7	task8	task9	task10	task11	task12	task13	task14	task15	
core1	1	749	849	909	352	987	765	345	567	9237	567	34	675	786	978
core2	959	849	788	1053	324	567	34	675	786	928	567	34	675	786	978
core3	942	82	930	102	2135	567	897	908	786	564	567	34	675	786	978
core4	239	229	328	484	432	567	678	897	908	789	567	34	675	786	978
core5	123	63	233	231	342	354	456	675	789	786	567	34	675	786	978

	task1	task2	task3	task4	task5	task6	task7	task8	task9	task10	task11	task12	task13	task14	task15	
core1	1	749	849	909	352	987	765	345	2367	987	567	34	675	786	978
core2	92	849	728	15	324	567	34	675	786	978	567	34	675	786	978
core3	942	867	230	101	365	567	897	908	786	564	567	34	675	786	978
core4	239	239	328	42	432	567	678	27	9328	789	567	34	675	786	978
core5	123	26	233	231	342	354	456	675	789	786	567	34	675	786	978

	task1	task2	task3	task4	task5	task6	task7	task8	task9	task10	task11	task12	task13	task14	task15	
core1	1	749	849	99	352	987	765	345	567	987	749	849	909	352	987
core2	959	849	788	106	324	567	34	675	786	978	749	849	909	352	987
core3	942	867	930	34	365	6	897	948	786	564	749	849	909	352	987
core4	239	239	328	484	432	567	678	47	908	73	567	34	675	786	978
core5	123	232	233	231	342	354	456	1	789	786	749	849	909	352	987

	task1	task2	task3	task4	task5	task6	task7	task8	task9	task10	task11	task12	task13	task14	task15	
core1	1	749	849	909	352	987	765	345	567	987	567	34	675	786	978
core2	959	849	788	106	324	567	34	675	786	978	567	34	675	786	978
core3	942	867	930	15	365	1237	897	908	786	514	567	34	675	786	978
core4	239	229	328	484	432	567	678	897	348	739	567	34	675	786	978
core5	123	233	233	231	342	354	456	675	789	786	567	34	675	786	978

	task1	task2	task3	task4	task5	task6	task7	task8	task9	task10	task11	task12	task13	task14	task15	
core1	1	749	849	309	352	987	765	345	567	987	567	34	675	786	978
core2	959	849	788	123	324	567	34	675	786	978	567	34	675	786	978
core3	942	867	930	124	365	567	897	908	786	564	567	34	675	786	978
core4	29	239	328	484	432	567	678	897	908	289	567	34	675	786	978
core5	123	2323	233	231	342	354	456	675	789	786	567	34	675	786	978

	task1	task2	task3	task4	task5	task6	task7	task8	task9	task10	task11	task12	task13	task14	task15	
core1	1	749	849	909	352	987	765	345	567	987	942	867	930	1064	365
core2	959	849	728	16	324	567	34	675	786	928	942	867	930	1064	365
core3	942	867	930	164	365	567	897	908	786	564	942	867	930	1064	365
core4	239	239	328	484	432	53	678	837	908	789	942	867	930	1064	365
core5	123	1	233	231	322	354	456	675	789	786	942	867	930	1064	365

	task1	task2	task3	task4	task5	task6	task7	task8	task9	task10	task11	task12	task13	task14	task15	
core1	1	749	849	909	363	987	765	345	567	987	942	867	930	1064	365
core2	959	849	788	1053	324	567	34	675	786	978	942	867	930	1064	365
core3	942	867	930	1064	365	567	897	908	786	564	749	849	909	352	987
core4	239	239	328	484	346	567	678	897	908	789	749	849	909	352	987
core5	123	233	233	231	342	354	456	675	789	786	749	849	909	352	987

	task1	task2	task3	task4	task5	task6	task7	task8	task9	task10	task11	task12	task13	task14	task15	
core1	1	749	436	909	352	987	765	345	567	987	942	867	930	1064	365
core2	959	849	788	1053	324	567	34	675	786	978	942	867	930	1064	365
core3	942	867	930	1064	365	567	897	908	786	564	942	867	930	1064	365
core4	239	456	328	484	432	567	678	897	546	789	942	867	930	1064	365
core5	123	223	233	231	342	354	456	675	789	786	942	867	930	1064	365

	task1	task2	task3	task4	task5	task6	task7	task8	task9	task10	task11	task12	task13	task14	task15	
core1	1	749	849	909	352	987	765	345	567	987	942	867	930	1064	365
core2	959	849	788	1053	324	567	34	675	786	978	942	867	930	1064	365
core3	432	867	930	11	546	567	897	564	786	564	942	867	930	1064	365
core4	239	239	328	484	432	567	678	897	908	789	942	867	930	1064	365
core5	123	23	233	231	342	354	456	675	789	786	942	867	930	1064	365

	task1	task2	task3	task4	task5	task6	task7	task8	task9	task10	task11	task12	task13	task14	task15	
core1	1	749	849	909	352	987	765	345	567	9237	942	867	930	1064	365
core2	959	849	788	1053	324	567	34	675	786	928	942	867	930	1064	365
core3	942	82	930	102	2135	567	897	908	786	564	942	867	930	1064	365
core4	239	229	328	484	432	567	678	897	908	789	942	867	930	1064	365
core5	123	63	233	231	342	354	456	675	789	786	942	867	930	1064	365

	task1	task2	task3	task4	task5	task6	task7	task8	task9	task10	task11	task12	task13	task14	task15	
core1	1	749	849	909	352	987	765	345	2367	987	942	867	930	1064	365
core2	92	849	728	15	324	567	34	675	786	978	942	867	930	1064	365
core3	942	867	230	101	365	567	897	908	786	564	942	867	930	1064	365
core4	239	239	328	42	432	567	678	27	9328	789	942	867	930	1064	365
core5	123	26	233	231	342	354	456	675	789	786	942	867	930	1064	365

	task1	task2	task3	task4	task5	task6	task7	task8	task9	task10	task11	task12	task13	task14	task15	
core1	1	749	849	99	352	987	765	345	567	987	942	867	930	1064	365
core2	959	849	788	106	324	567	34	675	786	978	942	867	930	1064	365
core3	942	867	930	34	365	6	897	948	786	564	942	867	930	1064	365
core4	239	239	328	484	432	567	678	47	908	73	942	867	930	1064	365
core5	123	232	233	231	342	354	456	1	789	786	942	867	930	1064	365

	task1	task2	task3	task4	task5	task6	task7	task8	task9	task10	task11	task12	task13	task14	task15	
core1	1	749	849	909	352	987	765	345	567	987	987	765	345	567	987
core2	959	849	788	106	324	567	34	675	786	978	987	765	345	567	987
core3	942	867	930	15	365	1237	897	908	786	514	987	765	345	567	987
core4	239	229	328	484	432	567	678	897	348	739	987	765	345	567	987
core5	123	233	233	231	342	354	456	675	789	786	987	765	345	567	987

	task1	task2	task3	task4	task5	task6	task7	task8	task9	task10	task11	task12	task13	task14	task15	
core1	1	749	849	309	352	987	765	345	567	987	987	765	345	567	987
core2	959	849	788	123	324	567	34	675	786	978	987	765	345	567	987
core3	942	867	930	124	365	567	897	908	786	564	987	765	345	567	987
core4	29	239	328	484	432	567	678	897	908	289	987	765	345	567	987
core5	123	2323	233	231	342	354	456	675	789	786	987	765	345	567	987

	task1	task2	task3	task4	task5	task6	task7	task8	task9	task10	task11	task12	task13	task14	task15	
core1	1	749	849	909	352	987	765	345	567	987	749	849	909	352	987
core2	959	849	728	16	324	567	34	675	786	928	749	849	909	352	987
core3	942	867	930	164	365	567	897	908	786	564	749	849	909	352	987
core4	239	239	328	484	432	53	678	837	908	789	749	849	909	352	987
core5	123	1	233	231	322	354	456	675	789	786	987	765	345	567	987

	task1	task2	task3	task4	task5	task6	task7	task8	task9	task10	task11	task12	task13	task14	task15	
core1	1	749	849	909	363	987	765	345	567	987	987	765	345	567	987
core2	959	849	788	1053	324	567	34	675	786	978	987	765	345	567	987
core3	942	867	930	1064	365	567	897	908	786	564	987	765	345	567	987
core4	239	239	328	484	346	567	678	897	908	789	987	765	345	567	987
core5	123	233	233	231	342	354	456	675	789	786	987	765	345	567	987

	task1	task2	task3	task4	task5	task6	task7	task8	task9	task10	task11	task12	task13	task14	task15	
core1	1	749	436	909	352	987	765	345	567	987	987	765	345	567	987
core2	959	849	788	1053	324	567	34	675	786	978	987	765	345	567	987
core3	942	867	930	1064	365	567	897	908	786	564	987	765	345	567	987
core4	239	456	328	484	432	567	678	897	546	789	987	765	345	567	987
core5	123	223	233	231	342	354	456	675	789	786	987	765	345	567	987

	task1	task2	task3	task4	task5	task6	task7	task8	task9	task10	task11	task12	task13	task14	task15	
core1	1	749	849	909	352	987	765	345	567	987	987	765	345	567	987
core2	959	849	788	1053	324	567	34	675	786	978	987	765	345	567	987
core3	432	867	930	11	546	567	897	564	786	564	987	765	345	567	987
core4	239	239	328	484	432	567	678	897	908	789	987	765	345	567	987
core5	123	23	233	231	342	354	456	675	789	786	987	765	345	567	987

	task1	task2	task3	task4	task5	task6	task7	task8	task9	task10	task11	task12	task13	task14	task15	
core1	1	749	849	909	352	987	765	345	567	9237	987	765	345	567	987
core2	959	849	788	1053	324	567	34	675	786	928	987	765	345	567	987
core3	942	82	930	102	2135	567	897	908	786	564	987	765	345	567	987
core4	239	229	328	484	432	567	678	897	908	789	987	765	345	567	987
core5	123	63	233	231	342	354	456	675	789	786	987	765	345	567	987

	task1	task2	task3	task4	task5	task6	task7	task8	task9	task10	task11	task12	task13	task14	task15	
core1	1	749	849	909	352	987	765	345	2367	987	987	765	345	567	987
core2	92	849	728	15	324	567	34	675	786	978	987	765	345	567	987
core3	942	867	230	101	365	567	897	908	786	564	987	765	345	567	987
core4	239	239	328	42	432	567	678	27	9328	789	987	765	345	567	987
core5	123	26	233	231	342	354	456	675	789	786	987	765	345	567	987

	task1	task2	task3	task4	task5	task6	task7	task8	task9	task10	task11	task12	task13	task14	task15	
core1	1	749	849	99	352	987	765	345	567	987	987	765	345	567	987
core2	959	849	788	106	324	567	34	675	786	978	987	765	345	567	987
core3	942	867	930	34	365	6	897	948	786	564	987	765	345	567	987
core4	239	239	328	484	432	567	678	47	908	73	987	765	345	567	987
core5	123	232	233	231	342	354	456	1	789	786	987	765	345	567	987

	task1	task2	task3	task4	task5	task6	task7	task8	task9	task10	task11	task12	task13	task14	task15	
core1	1	749	849	909	352	987	765	345	567	987	749	849	909	352	987
core2	959	849	788	106	324	567	34	675	786	978	959	849	788	106	324
core3	942	867	930	15	365	1237	897	908	786	514	749	849	909	352	987
core4	239	229	328	484	432	567	678	897	348	739	749	849	909	352	987
core5	123	233	233	231	342	354	456	675	789	786	959	849	788	106	324

	task1	task2	task3	task4	task5	task6	task7	task8	task9	task10	task11	task12	task13	task14	task15	
core1	1	749	849	309	352	987	765	345	567	987	959	849	788	106	324
core2	959	849	788	123	324	567	34	675	786	978	959	849	788	106	324
core3	942	867	930	124	365	567	897	908	786	564	959	849	788	106	324
core4	29	239	328	484	432	567	678	897	908	289	959	849	788	106	324
core5	123	2323	233	231	342	354	456	675	789	786	959	849	788	106	324

	task1	task2	task3	task4	task5	task6	task7	task8	task9	task10	task11	task12	task13	task14	task15	
core1	1	749	849	909	352	987	765	345	567	987	959	849	788	106	324
core2	959	849	728	16	324	567	34	675	786	928	959	849	788	106	324
core3	942	867	930	164	365	567	897	908	786	564	749	849	909	352	987
core4	239	239	328	484	432	53	678	837	908	789	959	849	788	106	324
core5	123	1	233	231	322	354	456	675	789	786	749	849	909	352	987
